36328,
36376,
36024,
36296,
35816,
36360,
36056,
36248,
36072,
36376,
36024,
36024,
35800,
36008,
35720,
36152,
36152,
35688,
36120,
35976,
36792,
35752,
36280,
35640,
35752,
35496,
35688,
35800,
36264,
36184,
38937,
44570,
50828,
53965,
54957,
54557,
55005,
55229,
56109,
54509,
54685,
54893,
54077,
53405,
52764,
52812,
51740,
51996,
50748,
54205,
53725,
50844,
50124,
51500,
51980,
50236,
50780,
51980,
51004,
51820,
51996,
52332,
51948,
52156,
49724,
49324,
52380,
53196,
53917,
55405,
54925,
54205,
54605,
54237,
54285,
54205,
54301,
54765,
54733,
54621,
54141,
54621,
54941,
54045,
54365,
54365,
54877,
54493,
54717,
54637,
55037,
55341,
55325,
54989,
54957,
55581,
54925,
55085,
54349,
54637,
54669,
55325,
54541,
54765,
54269,
54077,
52444,
50092,
49067,
47851,
46235,
44778,
42522,
38841,
36360,
36264,
36776,
36648,
36648,
36792,
36424,
37529,
36568,
36408,
35912,
36104,
36104,
35480,
36856,
37833,
39065,
43370,
46139,
47659,
48267,
48411,
48603,
49692,
49868,
50140,
50268,
50236,
49612,
49260,
49356,
49580,
49548,
49308,
49340,
49340,
49260,
49340,
49035,
49420,
49180,
49340,
49051,
49099,
49035,
49292,
49324,
49180,
49115,
49115,
49051,
49003,
48939,
48763,
49180,
52748,
53821,
54429,
53709,
53789,
53837,
52636,
51164,
54173,
52508,
52380,
52668,
54205,
53677,
54733,
55181,
52172,
51516,
50044,
49852,
48043,
53004,
52428,
51420,
51948,
50348,
51340,
53309,
51836,
51276,
49500,
51788,
51788,
51516,
51996,
51788,
51500,
51916,
51804,
51628,
51740,
52796,
52124,
53645,
52188,
52332,
52492,
52060,
52076,
51420,
51500,
52204,
51740,
52204,
51948,
51532,
51404,
51596,
50892,
50508,
50716,
50460,
50604,
51132,
52156,
49788,
42602,
35640,
32199,
33416,
35096,
34856,
34872,
39737,
49516,
54381,
51372,
53597,
51724,
54381,
53084,
49596,
50076,
51548,
52844,
51692,
51468,
51884,
52300,
53805,
54477,
55885,
55741,
54717,
55469,
54669,
54685,
53004,
54669,
53469,
52716,
53421,
53853,
54093,
54493,
54381,
53965,
50844,
53581,
49484,
48091,
49532,
49356,
49948,
49228,
49660,
49196,
50828,
51180,
51260,
51308,
50924,
50540,
50604,
51020,
50892,
51228,
50908,
51596,
51468,
51052,
51436,
51820,
51724,
51340,
52268,
52204,
52460,
52188,
52380,
52796,
52924,
53309,
53613,
53469,
54557,
53725,
51932,
47179,
43482,
40793,
40249,
38633,
37817,
37609,
37593,
38105,
35880,
33960,
33720,
33304,
33064,
32391,
32936,
35224,
40953,
43818,
47515,
49740,
54173,
55709,
53917,
55421,
54301,
55261,
55581,
56669,
55709,
55581,
55757,
54957,
55693,
55181,
55245,
55309,
54957,
54925,
55949,
54829,
55053,
55533,
54477,
54941,
55101,
54301,
52844,
53004,
53613,
53164,
53693,
53965,
53357,
53917,
54109,
53645,
53565,
54141,
54205,
54061,
54237,
54269,
53677,
54749,
54541,
53949,
54349,
54237,
54541,
53981,
53997,
54461,
54349,
54589,
54845,
54461,
55021,
53709,
51548,
45963,
38857,
36632,
36152,
33992,
32295,
34392,
33736,
39193,
47003,
50844,
49003,
54365,
55117,
54157,
51276,
52140,
50476,
50588,
48651,
49083,
48667,
51356,
47179,
48555,
48171,
48475,
48459,
48603,
48443,
48475,
48475,
48299,
48427,
48315,
48347,
48395,
49564,
48331,
48427,
48411,
47627,
48091,
48379,
48907,
49083,
48747,
48043,
46571,
44858,
42794,
40137,
38169,
35592,
33432,
32199,
31847,
31847,
31927,
31751,
32055,
32199,
32423,
32567,
33400,
32872,
35160,
40953,
43402,
46411,
48347,
49324,
49356,
48523,
49532,
49564,
49820,
50604,
51532,
51820,
51612,
51276,
51724,
51500,
51644,
51740,
51884,
53244,
52748,
53917,
52636,
52668,
52380,
53068,
52972,
53180,
52636,
52876,
53901,
53132,
53821,
53709,
53645,
53949,
53805,
55261,
53453,
54125,
54333,
53661,
53709,
55341,
53837,
53709,
53677,
53629,
54077,
53997,
53485,
53997,
53693,
53981,
53421,
53709,
53565,
53244,
52716,
51260,
48651,
46619,
44714,
41498,
38841,
37193,
36120,
35560,
35080,
35208,
34856,
34920,
35112,
35096,
35080,
34920,
35864,
34728,
35048,
34888,
35032,
35128,
34616,
34824,
34840,
34792,
35000,
35048,
35048,
35304,
36152,
38057,
40953,
43402,
45611,
48395,
49500,
52652,
52076,
53116,
54653,
53277,
53741,
53917,
54061,
54221,
54093,
55197,
57341,
56157,
55389,
52540,
51628,
50860,
51100,
50188,
49115,
49420,
49340,
48827,
48555,
49580,
50092,
50156,
50092,
50076,
49772,
50060,
49644,
48859,
49836,
