49212,
49164,
48939,
50108,
49772,
48571,
49884,
49500,
49820,
50028,
49212,
49212,
48667,
49308,
49228,
50012,
49003,
49612,
49676,
48779,
49164,
49468,
49035,
49196,
49260,
48859,
49003,
49516,
48651,
49083,
49708,
48891,
49228,
49115,
49980,
48411,
49196,
49900,
50140,
49260,
49308,
49164,
50028,
49884,
49292,
49932,
48987,
49964,
49099,
48971,
49228,
48859,
48747,
48475,
49228,
48811,
49292,
49660,
49676,
48651,
48795,
48955,
49676,
45002,
37689,
30759,
24325,
32407,
42858,
39753,
39689,
37225,
39497,
37737,
41610,
41050,
38745,
39465,
40745,
39481,
40873,
39129,
41450,
40937,
40953,
40953,
41130,
40970,
41018,
41114,
41354,
40970,
41482,
41402,
41402,
41354,
41546,
41562,
41834,
41946,
41946,
41946,
42058,
42202,
42266,
42506,
41834,
41482,
40681,
39977,
40201,
37785,
35928,
35400,
34248,
32535,
30599,
29527,
29127,
29063,
28839,
28374,
27846,
27750,
27622,
27126,
25958,
25862,
25862,
25702,
25510,
25190,
24822,
24726,
24646,
24565,
24582,
24501,
24726,
24485,
24469,
24565,
24646,
24373,
25094,
25702,
29383,
31671,
34152,
37657,
40745,
41994,
41226,
42410,
40953,
41562,
41786,
42474,
43098,
44298,
44634,
44906,
44970,
44394,
44106,
43738,
44442,
44074,
42730,
43562,
43690,
44490,
42954,
42138,
43178,
44106,
41850,
44058,
44250,
44762,
44394,
44234,
44618,
44490,
44634,
44122,
44442,
44762,
45115,
44634,
43914,
43690,
43290,
41498,
37993,
33480,
30487,
28486,
28070,
28054,
27990,
27878,
27926,
27830,
27926,
27798,
27766,
27734,
27494,
27606,
27558,
27750,
27398,
28502,
30887,
34248,
37513,
39993,
41482,
43034,
43706,
44298,
43978,
44682,
44906,
44362,
44938,
45115,
45387,
45195,
44618,
45227,
45627,
45547,
45259,
45419,
45307,
44890,
45034,
45002,
44826,
45531,
45579,
45771,
45755,
45707,
45547,
45723,
45739,
